Number of similar users = 10, Recommendations = 5
Score: 0.25853658536585367 (53 matches out of 205 removed products)
Score: 0.3073170731707317 (63 matches out of 205 removed products)
Score: 0.23902439024390243 (49 matches out of 205 removed products)
